914
717
389
409
832
43
283
824
144
300
174
611
699
613
412
754
771
331
571
163
901
608
971
479
520
35
658
821
161
347
713
673
914
717
389
409
832
43
283
824
144
300
174
611
699
613
412
754
771
331
914
717
389
409
832
43
283
824
144
300
174
611
699
613
412
754
771
331
571
163
901
608
971
479
520
35
658
821
161
347
713
673
914
717
389
409
832
43
283
824
144
300
174
611
699
613
412
754
771
331
331
914
717
389
409
832
43
283
824
144
300
174
611
699
613
412
754
771
331
571
163
901
608
971
479
520
35
658
821
161
347
713
673
914
717
389
409
832
43
283
824
144
300
174
611
699
613
412
754
771
914
717
389
409
832
43
283
824
144
300
174
611
699
613
412
754
771
331
571
163
901
608
971
479
520
35
658
821
161
347
713
673
914
717
389
409
832
43
283
824
144
300
174
611
699
613
412
754
771
331